"","Alabama","Alaska","Arizona","Arkansas","California","Colorado","Connecticut","Delaware","District of Columbia","Florida","Georgia","Hawaii","Idaho","Illinois","Indiana","Iowa","Kansas","Kentucky","Louisiana","Maine","Maine CD-2","Maryland","Massachusetts","Michigan","Minnesota","Mississippi","Missouri","Montana","Nebraska","Nebraska CD-2","Nevada","New Hampshire","New Jersey","New Mexico","New York","North Carolina","North Dakota","Ohio","Oklahoma","Oregon","Pennsylvania","Rhode Island","South Carolina","South Dakota","Tennessee","Texas","Utah","Vermont","Virginia","Washington","West Virginia","Wisconsin","Wyoming"
"Alabama",0,0.0799229813396584,-0.452336327348869,0.74788870273944,-0.819541521580595,-0.294098309052286,0.245792157117402,0.723233875809231,-0.204446122229239,0.163297702948115,0.545303841892324,-0.266029896302057,0.194801697021854,0.254395185962539,0.508752304271968,0.520332028951016,0.340665693108432,0.653132081894946,0.898280576788543,0.589298406035766,0.589298406035766,0.375448635402786,0.0408661068097691,0.655719550380358,0.452027312970924,0.887284524417282,0.677809589849668,0.438524575262678,0.328162314529424,0.328162314529424,-0.352583415931692,0.413814839432816,-0.241988036920161,-0.574011096825271,0.0379232759890623,0.88491163859237,0.271247739068165,0.660246797981133,0.485501072368976,0.172679989312408,0.604937404507746,0.233401989885192,0.939766155146234,0.51984383593778,0.854110220083361,-0.940175842891129,-0.186290751192853,0.454368848700258,0.631590938188471,0.102573884668657,0.703857011556941,0.508600622808746,0.464391598932614
"Alaska",0.0799229813396584,0,0.468191933989002,0.0651553725483772,0.0980358028760609,0.822391533544291,0.557331780018982,0.456253031005841,-0.190159733244888,0.11827976481092,-0.239100277081128,0.291161644698751,0.899729142311593,0.649938923976552,0.823788159077828,0.744834081087823,0.776372135361299,0.690949052285954,-0.039090161126827,0.660566677294607,0.660566677294607,0.0573150078460962,0.787010974701977,0.675807979814203,0.686733651308068,-0.00127795918164368,0.651178640407209,0.662751082659338,0.772432293499932,0.772432293499932,0.344209506173454,0.795410999855686,-0.0443452064910422,-0.0221221420747765,0.557128499037676,0.519435462771795,0.707387787267665,0.633048284270179,0.749054306101618,0.840818148087389,0.540774915837434,0.472082652924817,0.328906814197607,0.722659263238796,0.381277907886558,-0.191101120753305,0.637215935812024,0.791082849654549,0.553090862855808,0.84174027497815,0.509622423881659,0.767419352276369,0.759455549354129
"Arizona",-0.452336327348869,0.468191933989002,0,-0.331022306091313,0.831475223453994,0.704996736626596,0.429282679559023,-0.132867934021481,-0.495410851476365,0.637911232464093,-0.919591694807944,0.57513139225696,0.548906604576954,0.454811209221782,0.374326374582845,0.274890328388169,0.34314993459617,0.227442143180649,-0.580703863535101,0.332181636745085,0.332181636745085,-0.407091142041877,0.476754510703713,0.205447158012352,0.182796317755615,-0.586321292098217,0.131000152626714,0.145667443704695,0.365863672438959,0.365863672438959,0.916420474363884,0.385260948794316,0.348292913315584,0.735893441145939,0.527900677902553,-0.145182698449338,0.0256157173716909,0.182995948216218,0.427757244061868,0.625618673183333,0.240969203071027,0.485404370026817,-0.316349638216563,0.210133273571038,-0.122935859614835,0.492520584831348,0.336391781045749,0.298793927322229,-0.179366698261498,0.722771609189579,0.198804851268362,0.3557821254358,0.480691530889652
"Arkansas",0.74788870273944,0.0651553725483772,-0.331022306091313,0,-0.722566050710783,-0.110558584388925,0.200620240355505,0.410107086835655,-0.428563365291317,-0.115707617565215,0.258133374289165,-0.627241184975013,0.367204792148036,0.400541295647057,0.477517413011503,0.624926515007682,0.537786190535585,0.66550162698958,0.570484690465486,0.471663579287394,0.471663579287394,-0.165564991997881,-0.0170261829439163,0.554415332515742,0.579383060203882,0.496048427342666,0.662404385269842,0.536541509501121,0.554771928455786,0.554771928455786,-0.409797635052214,0.31549130587995,-0.171844210351354,-0.412929781749778,0.0366710090136463,0.683365424673833,0.477477407471381,0.584846956992407,0.564008816696096,0.183259215300182,0.545944385352026,0.376004306826486,0.571641825464656,0.648045147109583,0.85782333868188,-0.627513589907919,0.281852839647355,0.353031616944992,0.536069013600333,0.050526674285508,0.703916733463164,0.499748959275619,0.49699614442097
"California",-0.819541521580595,0.0980358028760609,0.831475223453994,-0.722566050710783,0,0.446334662328875,0.0547191871000216,-0.508505335049607,-0.100769863769864,0.401768345133049,-0.819665802642173,0.580272110808031,0.0607546826436333,0.0427361698272051,-0.157408273727012,-0.276273650689704,-0.159803925917097,-0.3377711500347,-0.782497903445598,-0.211847757300352,-0.211847757300352,-0.333237875797514,0.178969508980987,-0.310877808221279,-0.289711588535888,-0.790987130006552,-0.399853066607176,-0.326910852332765,-0.133488350113876,-0.133488350113876,0.812286829106497,-0.107061687562225,0.390850624718803,0.761768936587607,0.291006817813239,-0.636230410445484,-0.344068083927982,-0.324446411781166,-0.130944542151284,0.174064081741739,-0.247902617182643,0.0903076882501088,-0.699150127492785,-0.328828702153184,-0.62772964031972,0.809222143602367,0.122900678409448,-0.198052146131567,-0.549522238984506,0.321251073494695,-0.363431687869819,-0.182663640629992,-0.0820029985598762
"Colorado",-0.294098309052286,0.822391533544291,0.704996736626596,-0.110558584388925,0.446334662328875,0,0.718851861829341,0.283849287399573,-0.220163773107567,0.212485166073285,-0.504181267578595,0.499659232987457,0.820209935056683,0.725387700217353,0.627088173039708,0.626466485066924,0.754160486449062,0.499031984075984,-0.491948771622285,0.523642729037282,0.523642729037282,-0.144027052321022,0.877712681545069,0.501690268540575,0.666794636031646,-0.516962840594158,0.487362317605117,0.62824799414798,0.753206470169287,0.753206470169287,0.491848390591398,0.714443732976371,0.404455298392823,0.228538939096494,0.669982658176628,0.171292680656469,0.666212351239087,0.481862021622422,0.631438225037396,0.868733729384423,0.500995967708547,0.679621915761211,-0.112010877868511,0.609731327942647,0.164522327285702,0.16527443108372,0.732113774656966,0.653095174610031,0.403257530732183,0.804976507998487,0.378750543983473,0.663441664114192,0.585752311522208
"Connecticut",0.245792157117402,0.557331780018982,0.429282679559023,0.200620240355505,0.0547191871000216,0.718851861829341,0,0.763360683895393,-0.290716865910588,0.525671249466511,-0.149904294277424,0.592678779501388,0.673783708660771,0.816654268926607,0.716704593886574,0.764267603161182,0.795561644514496,0.71672047358734,-0.0657399620497567,0.811298672155364,0.811298672155364,0.182117340289759,0.890114185283574,0.786161155729435,0.842409724681693,-0.130324784534262,0.76984297568833,0.80821462745578,0.770957699827928,0.770957699827928,0.298560528981818,0.885616702446416,0.604314250336363,-0.0530344241248743,0.69413168449746,0.548228297901669,0.650925995245606,0.78649376028859,0.745269122798507,0.888076561384892,0.877905006184454,0.917480368144397,0.321466012408525,0.748861702946512,0.574050535430059,-0.349460017194117,0.356385921423691,0.808986328173718,0.716876705739853,0.722585193150283,0.735289092616998,0.847938793277062,0.650174188916756
"Delaware",0.723233875809231,0.456253031005841,-0.132867934021481,0.410107086835655,-0.508505335049607,0.283849287399573,0.763360683895393,0,-0.0355880878776588,0.30286405712138,0.434980750775516,0.318693490475698,0.463253477191344,0.589387057947969,0.700924365890528,0.711242486367074,0.635761463382046,0.752729542860278,0.5232642983002,0.794716831454673,0.794716831454673,0.586642554809225,0.662289471227193,0.850449350404569,0.769613601070233,0.496106019330179,0.838123797796624,0.749979878692809,0.598409490353386,0.598409490353386,-0.12999562093646,0.802284284642819,0.22583532699325,-0.542101647702418,0.447755938199005,0.868900217256458,0.610739556613103,0.844838411648917,0.642692169652924,0.625831331269257,0.849897842739504,0.607198833412601,0.799708267681561,0.710721139775846,0.779240121602539,-0.843591102423452,0.0672255786220737,0.786545676932896,0.911970648098028,0.474783544312823,0.755244643627111,0.781850231907477,0.560017182769825
"District of Columbia",-0.204446122229239,-0.190159733244888,-0.495410851476365,-0.428563365291317,-0.100769863769864,-0.220163773107567,-0.290716865910588,-0.0355880878776588,0,-0.503133371349572,0.619632404446169,0.0855428796076133,-0.489858238386767,-0.244160840182044,-0.404757042078814,-0.52537578090737,-0.468549529251594,-0.505386145645656,0.119490237783433,-0.584842048271715,-0.584842048271715,0.707177503885845,-0.0236076498234573,-0.313461591505931,-0.293604764370019,0.0319804258439811,-0.360269567395481,-0.43144450200323,-0.446246777084395,-0.446246777084395,-0.308053677220946,-0.420191124515665,0.185617056536632,-0.605340956995123,0.0491788687034953,-0.260278237098423,-0.184647326056353,-0.29588628044462,-0.573599590892361,-0.411219426000836,-0.345772951725518,-0.372890259589458,-0.0929756874987804,-0.511327190829826,-0.3809815047267,-0.0700843672350176,-0.0637457571742283,-0.453011221827114,0.0678507536944592,-0.328128858976998,-0.635905148486134,-0.46184889412721,-0.682542531157224
"Florida",0.163297702948115,0.11827976481092,0.637911232464093,-0.115707617565215,0.401768345133049,0.212485166073285,0.525671249466511,0.30286405712138,-0.503133371349572,0,-0.482854135016545,0.663981675668191,0.246216974988304,0.349060394954206,0.377811621932958,0.257872780726954,0.176596005116558,0.343857566823424,0.00368822701558834,0.544137046510693,0.544137046510693,0.0360183989629128,0.319011166619275,0.402821803328615,0.151472616163961,-0.00114346987255685,0.295690193950476,0.13563320718091,0.173102802773436,0.173102802773436,0.732939671205153,0.437861494045194,0.364182024291721,0.448516188267659,0.420901653242304,0.229421065071802,-0.208976598836702,0.388890386875809,0.415881435261793,0.489709929215985,0.489325569469589,0.502617441721826,0.219520699646152,0.182829718453483,0.206695788156355,-0.0739921263527531,-0.282139859510349,0.353785237436608,0.0108427703167939,0.55567419331377,0.457420508419875,0.408306398553721,0.468170443901242
"Georgia",0.545303841892324,-0.239100277081128,-0.919591694807944,0.258133374289165,-0.819665802642173,-0.504181267578595,-0.149904294277424,0.434980750775516,0.619632404446169,-0.482854135016545,0,-0.285334921093717,-0.387291390487777,-0.220077777884169,-0.142641403375132,-0.109615579470894,-0.18021450944281,-0.0465606109556714,0.666320414934831,-0.12442285173968,-0.12442285173968,0.70833411943061,-0.146435607781445,0.0558839336333609,0.0289669228287351,0.6460553924653,0.088539506229224,0.0170163167253687,-0.204922965853813,-0.204922965853813,-0.793489641110738,-0.124048320897468,-0.160740650879431,-0.887218467717966,-0.236639607546443,0.346826196845247,0.115521983219164,0.0724587387214178,-0.253501298871183,-0.366134638165453,0.0130041326767657,-0.274851354428096,0.508054454977819,-0.0607328007602439,0.252814101529835,-0.685003085392081,-0.277305425076349,-0.0714422737938499,0.451641394617533,-0.45698572839838,-0.0592494369098328,-0.123540110588782,-0.340789548514242
"Hawaii",-0.266029896302057,0.291161644698751,0.57513139225696,-0.627241184975013,0.580272110808031,0.499659232987457,0.592678779501388,0.318693490475698,0.0855428796076133,0.663981675668191,-0.285334921093717,0,0.151634519795634,0.277206290990741,0.183434153188262,0.0559541375866045,0.0987066772584697,0.0416299162929395,-0.343279460704144,0.291855533067027,0.291855533067027,0.369403274585666,0.628032567612597,0.205661914216855,0.121838561186534,-0.335248763501063,0.0806787537806969,0.117103170775704,0.0694430464480413,0.0694430464480413,0.618495112270658,0.416163680208643,0.584871243155127,0.278256747336636,0.505573972915178,-0.0457189606311683,-0.0313380322714085,0.181222226767925,0.126327170527977,0.499685902139666,0.284821382111759,0.390166552629763,-0.0704540993331471,0.00938977760659023,-0.186214695980603,0.119798949958243,-0.133075064448161,0.320071663874226,0.103265282763446,0.518643816177735,0.0544333084186109,0.250558342733402,0.122803672573291
"Idaho",0.194801697021854,0.899729142311593,0.548906604576954,0.367204792148036,0.0607546826436333,0.820209935056683,0.673783708660771,0.463253477191344,-0.489858238386767,0.246216974988304,-0.387291390487777,0.151634519795634,0,0.824499275477517,0.918771845933994,0.909420766002488,0.932038584403885,0.858991502039776,-0.0286270507231807,0.790843703172388,0.790843703172388,-0.186567904852882,0.752361183756721,0.794617510113326,0.835255992641884,-0.0458545053061206,0.803872874382417,0.784597570345595,0.943644432200309,0.943644432200309,0.377841179187789,0.849789353813298,0.0745625389279309,0.0619294782225827,0.619001195191293,0.59742764903617,0.754745685372732,0.773021839591593,0.930628616654734,0.915767972366156,0.722863987566474,0.711357963984986,0.334278343763087,0.884654709369286,0.600132617382945,-0.217196083047569,0.728569247881763,0.827325814294799,0.583070023270959,0.873555120917745,0.740721682630842,0.897511892184574,0.914136616025696
"Illinois",0.254395185962539,0.649938923976552,0.454811209221782,0.400541295647057,0.0427361698272051,0.725387700217353,0.816654268926607,0.589387057947969,-0.244160840182044,0.349060394954206,-0.220077777884169,0.277206290990741,0.824499275477517,0,0.853811289361767,0.81370498305947,0.846604192525971,0.807468455154427,0.0817528291733785,0.698561902650515,0.698561902650515,0.0927862170370843,0.826158388130665,0.858093052383749,0.883928049475407,-0.0853576014364282,0.842550318990871,0.68402557641444,0.891881469113905,0.891881469113905,0.394142034550517,0.758735997421709,0.544445902917634,-0.189490073332566,0.895500140585498,0.587597654271684,0.63417764961614,0.876156243021541,0.860949900408178,0.868021665530541,0.884866179808437,0.934552646517716,0.350284562853966,0.775062082727959,0.678754529541983,-0.359071386230487,0.706742821175476,0.655402730577594,0.723528781433101,0.836768493970959,0.713493402157196,0.859166938036572,0.728022050750124
"Indiana",0.508752304271968,0.823788159077828,0.374326374582845,0.477517413011503,-0.157408273727012,0.627088173039708,0.716704593886574,0.700924365890528,-0.404757042078814,0.377811621932958,-0.142641403375132,0.183434153188262,0.918771845933994,0.853811289361767,0,0.934119695725845,0.885328567879056,0.962297409642668,0.321400682226428,0.89248059936531,0.89248059936531,0.111203574528055,0.738804733047731,0.956829006432956,0.865537001659324,0.277740845554449,0.938096259294028,0.772088666611562,0.900587646945884,0.900587646945884,0.324030550871829,0.893861397913077,0.0871663389563626,-0.175123554423313,0.677518931221005,0.832493320143255,0.671981425460607,0.940223057130954,0.972461258367151,0.891333276913603,0.879964873964065,0.737716716482244,0.651979174056646,0.895938623096614,0.79538531808698,-0.544561295739775,0.530781062249481,0.861392062903084,0.745237665758311,0.875584417965682,0.862342448405434,0.96339139805792,0.939440915583319
"Iowa",0.520332028951016,0.744834081087823,0.274890328388169,0.624926515007682,-0.276273650689704,0.626466485066924,0.764267603161182,0.711242486367074,-0.52537578090737,0.257872780726954,-0.109615579470894,0.0559541375866045,0.909420766002488,0.81370498305947,0.934119695725845,0,0.974480231888801,0.973379116633743,0.221239546056173,0.920616536178913,0.920616536178913,-0.0604645700924329,0.697281349851263,0.91425801583224,0.945411825506162,0.201813459955355,0.953203304385009,0.929861947921206,0.964413588487665,0.964413588487665,0.105528093269067,0.917644369752274,0.0728830169995249,-0.151825218437136,0.512636662955428,0.816933199718593,0.83132640321981,0.903533448328376,0.967756945495612,0.865640713025967,0.879064921877043,0.771642275780196,0.573354533345824,0.994318844314975,0.846483742629478,-0.519829470137254,0.555412029000965,0.91446918705335,0.777215115713019,0.72778423235608,0.929929624877648,0.975036203803995,0.925601981801743
"Kansas",0.340665693108432,0.776372135361299,0.34314993459617,0.537786190535585,-0.159803925917097,0.754160486449062,0.795561644514496,0.635761463382046,-0.468549529251594,0.176596005116558,-0.18021450944281,0.0987066772584697,0.932038584403885,0.846604192525971,0.885328567879056,0.974480231888801,0,0.904889120624282,0.0353728477230419,0.847522160496913,0.847522160496913,-0.121756277643819,0.770550005472185,0.847723624463597,0.962228895205716,0.00134986492576853,0.895427283279734,0.939907409847846,0.991697045298041,0.991697045298041,0.123797599101089,0.899551339959356,0.179777909150882,-0.106219945459422,0.558915036662181,0.689202756845008,0.893748606240452,0.840610579163785,0.927742930618558,0.892463357871937,0.831021913604487,0.80765741652591,0.400724702370124,0.97602634336364,0.743275459009466,-0.375576504618315,0.685399368560951,0.884896991469618,0.7546220990559,0.734977937315833,0.843243881686998,0.943235182392864,0.864198097949992
"Kentucky",0.653132081894946,0.690949052285954,0.227442143180649,0.66550162698958,-0.3377711500347,0.499031984075984,0.71672047358734,0.752729542860278,-0.505386145645656,0.343857566823424,-0.0465606109556714,0.0416299162929395,0.858991502039776,0.807468455154427,0.962297409642668,0.973379116633743,0.904889120624282,0,0.402210421227983,0.931927986508309,0.931927986508309,0.0468524897965998,0.633420585993082,0.963270911963897,0.899858648253954,0.365777067727874,0.980040151888713,0.846866112659468,0.907120788934752,0.907120788934752,0.14242126395795,0.884806954324068,0.0426732467400032,-0.222380807077766,0.540846652803465,0.899755339534895,0.712080970744252,0.954697837005818,0.97527793710148,0.82096930006455,0.914637005712791,0.74593172834032,0.712183187892024,0.952421899822918,0.911827472319998,-0.6401934547532,0.452258809579229,0.873473598721185,0.783203364327901,0.73596017791448,0.957778695405721,0.969113450018893,0.937093405474214
"Louisiana",0.898280576788543,-0.039090161126827,-0.580703863535101,0.570484690465486,-0.782497903445598,-0.491948771622285,-0.0657399620497567,0.5232642983002,0.119490237783433,0.00368822701558834,0.666320414934831,-0.343279460704144,-0.0286270507231807,0.0817528291733785,0.321400682226428,0.221239546056173,0.0353728477230419,0.402210421227983,0,0.268953973880144,0.268953973880144,0.549981670242364,-0.141115543883245,0.45523211265886,0.177398495242947,0.954783824563121,0.441472598383015,0.0790704295706187,0.0555475235357457,0.0555475235357457,-0.344462311046055,0.108680175321815,-0.312861142130236,-0.705938418741649,0.0181090205352048,0.721875077868313,0.00250086119459663,0.464050199139002,0.22800121756805,-0.08843081543479,0.355466828355784,-0.0390947587080784,0.888099348103861,0.206380909057787,0.64282619254044,-0.888249635817143,-0.24602036423973,0.137088648704462,0.472211757363519,-0.0275006379878517,0.384184491058166,0.229028598241351,0.20238626403781
"Maine",0.589298406035766,0.660566677294607,0.332181636745085,0.471663579287394,-0.211847757300352,0.523642729037282,0.811298672155364,0.794716831454673,-0.584842048271715,0.544137046510693,-0.12442285173968,0.291855533067027,0.790843703172388,0.698561902650515,0.89248059936531,0.920616536178913,0.847522160496913,0.931927986508309,0.268953973880144,0,1,0.0572703926047148,0.669359858077867,0.90489130529735,0.823726168172171,0.299670864479305,0.902559003309478,0.863243700937051,0.81401648167991,0.81401648167991,0.223683092104976,0.954322640014351,0.0753225923133997,-0.0291966358384115,0.454138189413954,0.832963234781062,0.643759342340708,0.880790054127701,0.917089477627527,0.85843031045289,0.889154411056425,0.731203316137484,0.658592889346546,0.900289013730559,0.794897757412187,-0.559214108396202,0.228119930283913,0.950193232790295,0.695309487303807,0.734133558233,0.952661644494451,0.954335161873412,0.922252561667157
"Maine CD-2",0.589298406035766,0.660566677294607,0.332181636745085,0.471663579287394,-0.211847757300352,0.523642729037282,0.811298672155364,0.794716831454673,-0.584842048271715,0.544137046510693,-0.12442285173968,0.291855533067027,0.790843703172388,0.698561902650515,0.89248059936531,0.920616536178913,0.847522160496913,0.931927986508309,0.268953973880144,1,0,0.0572703926047148,0.669359858077867,0.90489130529735,0.823726168172171,0.299670864479305,0.902559003309478,0.863243700937051,0.81401648167991,0.81401648167991,0.223683092104976,0.954322640014351,0.0753225923133997,-0.0291966358384115,0.454138189413954,0.832963234781062,0.643759342340708,0.880790054127701,0.917089477627527,0.85843031045289,0.889154411056425,0.731203316137484,0.658592889346546,0.900289013730559,0.794897757412187,-0.559214108396202,0.228119930283913,0.950193232790295,0.695309487303807,0.734133558233,0.952661644494451,0.954335161873412,0.922252561667157
"Maryland",0.375448635402786,0.0573150078460962,-0.407091142041877,-0.165564991997881,-0.333237875797514,-0.144027052321022,0.182117340289759,0.586642554809225,0.707177503885845,0.0360183989629128,0.70833411943061,0.369403274585666,-0.186567904852882,0.0927862170370843,0.111203574528055,-0.0604645700924329,-0.121756277643819,0.0468524897965998,0.549981670242364,0.0572703926047148,0.0572703926047148,0,0.293296435789527,0.28077212832576,0.0963391252519422,0.481524332628198,0.19018308071495,-0.0300590093915751,-0.122969922001847,-0.122969922001847,-0.152326823949744,0.127136435592439,0.229280269004464,-0.721841482495158,0.307519671469758,0.360799583552082,-0.0150525374202162,0.283048586368158,-0.076228379471755,0.0186128977908006,0.244551811796906,0.0130684533669983,0.532862840318631,-0.0768979036027482,0.161103140389685,-0.621555259625698,-0.250036797369088,0.0829117930609539,0.500117634530359,0.071305951234228,-0.0276090242851317,0.0798131936082044,-0.168680253725407
"Massachusetts",0.0408661068097691,0.787010974701977,0.476754510703713,-0.0170261829439163,0.178969508980987,0.877712681545069,0.890114185283574,0.662289471227193,-0.0236076498234573,0.319011166619275,-0.146435607781445,0.628032567612597,0.752361183756721,0.826158388130665,0.738804733047731,0.697281349851263,0.770550005472185,0.633420585993082,-0.141115543883245,0.669359858077867,0.669359858077867,0.293296435789527,0,0.731814064317655,0.80011482483197,-0.207739932402836,0.69002383949314,0.712506422804467,0.764219236972129,0.764219236972129,0.372129763225781,0.843092706554372,0.538938048286785,-0.129837552132038,0.805024275173522,0.458317963589296,0.694382198915801,0.720089325908474,0.688519685854419,0.910457012504821,0.743441509402523,0.790577821574104,0.241492473949514,0.675153857293127,0.400336777782782,-0.243410195920003,0.56487500211466,0.762199178473784,0.711980907785703,0.829754111782745,0.526467061652716,0.791328934757307,0.591361617621081
"Michigan",0.655719550380358,0.675807979814203,0.205447158012352,0.554415332515742,-0.310877808221279,0.501690268540575,0.786161155729435,0.850449350404569,-0.313461591505931,0.402821803328615,0.0558839336333609,0.205661914216855,0.794617510113326,0.858093052383749,0.956829006432956,0.91425801583224,0.847723624463597,0.963270911963897,0.45523211265886,0.90489130529735,0.90489130529735,0.28077212832576,0.731814064317655,0,0.899296075935141,0.379752754646221,0.984107193818847,0.792158480171715,0.857014019730082,0.857014019730082,0.190188881967621,0.88733886683352,0.209880622149524,-0.345820240178242,0.681148249909108,0.908713856597212,0.658636974331353,0.99667752898115,0.929597171454465,0.834908900430455,0.965579063368534,0.791490186988066,0.756045152006711,0.882879976619923,0.89036258260242,-0.714126971010725,0.408209279282904,0.84440557746991,0.861120190576579,0.776374552791861,0.904962164103073,0.959631417453458,0.856837558168242
"Minnesota",0.452027312970924,0.686733651308068,0.182796317755615,0.579383060203882,-0.289711588535888,0.666794636031646,0.842409724681693,0.769613601070233,-0.293604764370019,0.151472616163961,0.0289669228287351,0.121838561186534,0.835255992641884,0.883928049475407,0.865537001659324,0.945411825506162,0.962228895205716,0.899858648253954,0.177398495242947,0.823726168172171,0.823726168172171,0.0963391252519422,0.80011482483197,0.899296075935141,0,0.095507665823061,0.940768271242869,0.929805896289376,0.958995873236641,0.958995873236641,0.0184877592181742,0.880310308151377,0.30928870296444,-0.3267594266346,0.627781346626301,0.759113169950875,0.88850357998392,0.90549738802804,0.884783091710624,0.847149255940292,0.904803783813342,0.850444958513206,0.502298730157755,0.949002667379249,0.817265666262371,-0.540581127620488,0.636595052433943,0.847339620344057,0.88951128805892,0.67828866159526,0.841303750661623,0.935478696279961,0.771586138827888
"Mississippi",0.887284524417282,-0.00127795918164368,-0.586321292098217,0.496048427342666,-0.790987130006552,-0.516962840594158,-0.130324784534262,0.496106019330179,0.0319804258439811,-0.00114346987255685,0.6460553924653,-0.335248763501063,-0.0458545053061206,-0.0853576014364282,0.277740845554449,0.201813459955355,0.00134986492576853,0.365777067727874,0.954783824563121,0.299670864479305,0.299670864479305,0.481524332628198,-0.207739932402836,0.379752754646221,0.095507665823061,0,0.37221263105356,0.0997819051663344,-0.00893132286350826,-0.00893132286350826,-0.391260332460598,0.131990844738461,-0.523290026334474,-0.582791811787042,-0.181486216317138,0.705553961668894,0.0028589457210687,0.367670752233344,0.185305495754793,-0.117380730154139,0.250610274622299,-0.187730520059861,0.887646904272831,0.197414870665471,0.565107196991324,-0.838339345551907,-0.376562606615374,0.203486329124492,0.383029284872463,-0.0814163045636937,0.368506318727576,0.197506933957473,0.22272404296526
"Missouri",0.677809589849668,0.651178640407209,0.131000152626714,0.662404385269842,-0.399853066607176,0.487362317605117,0.76984297568833,0.838123797796624,-0.360269567395481,0.295690193950476,0.088539506229224,0.0806787537806969,0.803872874382417,0.842550318990871,0.938096259294028,0.953203304385009,0.895427283279734,0.980040151888713,0.441472598383015,0.902559003309478,0.902559003309478,0.19018308071495,0.69002383949314,0.984107193818847,0.940768271242869,0.37221263105356,0,0.858798951350364,0.898623020768259,0.898623020768259,0.0636746396075766,0.880304085379192,0.161905716891065,-0.368314313453492,0.599118575081308,0.916868616960334,0.744915265570198,0.984563202006765,0.935510874520112,0.806385681712748,0.955181113239404,0.786756564444278,0.735784027841568,0.937603727920953,0.933040904905172,-0.717648667178195,0.45727696160884,0.85503092855683,0.883449855399522,0.700775303515291,0.933807721141875,0.962223727113361,0.856781373400289
"Montana",0.438524575262678,0.662751082659338,0.145667443704695,0.536541509501121,-0.326910852332765,0.62824799414798,0.80821462745578,0.749979878692809,-0.43144450200323,0.13563320718091,0.0170163167253687,0.117103170775704,0.784597570345595,0.68402557641444,0.772088666611562,0.929861947921206,0.939907409847846,0.846866112659468,0.0790704295706187,0.863243700937051,0.863243700937051,-0.0300590093915751,0.712506422804467,0.792158480171715,0.929805896289376,0.0997819051663344,0.858798951350364,0,0.892834800761321,0.892834800761321,-0.103000795274672,0.907568152719717,0.118651477226305,-0.17316478259494,0.355019446237447,0.719189461960663,0.923423581945715,0.779869100552432,0.819672437462854,0.799851444523301,0.79595192103194,0.716991874232177,0.459272967153732,0.956086532559956,0.74148109791129,-0.471611096886781,0.471795047880102,0.926587351370656,0.795753074921827,0.553638860704285,0.844854917648709,0.894273397523858,0.76764876268184
"Nebraska",0.328162314529424,0.772432293499932,0.365863672438959,0.554771928455786,-0.133488350113876,0.753206470169287,0.770957699827928,0.598409490353386,-0.446246777084395,0.173102802773436,-0.204922965853813,0.0694430464480413,0.943644432200309,0.891881469113905,0.900587646945884,0.964413588487665,0.991697045298041,0.907120788934752,0.0555475235357457,0.81401648167991,0.81401648167991,-0.122969922001847,0.764219236972129,0.857014019730082,0.958995873236641,-0.00893132286350826,0.898623020768259,0.892834800761321,0,1,0.172155815134055,0.863394752755779,0.21384550831849,-0.126301284798593,0.625186365111146,0.678967862037879,0.860602207616677,0.855669396782403,0.938820716153463,0.887085809302011,0.837416543996664,0.827683054302098,0.392389619644792,0.957969439383308,0.750686940249189,-0.367802170794499,0.741757472799976,0.834558907693203,0.746123336673614,0.762893170203615,0.827091736331819,0.934960933151665,0.862309721954657
"Nebraska CD-2",0.328162314529424,0.772432293499932,0.365863672438959,0.554771928455786,-0.133488350113876,0.753206470169287,0.770957699827928,0.598409490353386,-0.446246777084395,0.173102802773436,-0.204922965853813,0.0694430464480413,0.943644432200309,0.891881469113905,0.900587646945884,0.964413588487665,0.991697045298041,0.907120788934752,0.0555475235357457,0.81401648167991,0.81401648167991,-0.122969922001847,0.764219236972129,0.857014019730082,0.958995873236641,-0.00893132286350826,0.898623020768259,0.892834800761321,1,0,0.172155815134055,0.863394752755779,0.21384550831849,-0.126301284798593,0.625186365111146,0.678967862037879,0.860602207616677,0.855669396782403,0.938820716153463,0.887085809302011,0.837416543996664,0.827683054302098,0.392389619644792,0.957969439383308,0.750686940249189,-0.367802170794499,0.741757472799976,0.834558907693203,0.746123336673614,0.762893170203615,0.827091736331819,0.934960933151665,0.862309721954657
"Nevada",-0.352583415931692,0.344209506173454,0.916420474363884,-0.409797635052214,0.812286829106497,0.491848390591398,0.298560528981818,-0.12999562093646,-0.308053677220946,0.732939671205153,-0.793489641110738,0.618495112270658,0.377841179187789,0.394142034550517,0.324030550871829,0.105528093269067,0.123797599101089,0.14242126395795,-0.344462311046055,0.223683092104976,0.223683092104976,-0.152326823949744,0.372129763225781,0.190188881967621,0.0184877592181742,-0.391260332460598,0.0636746396075766,-0.103000795274672,0.172155815134055,0.172155815134055,0,0.239910404157698,0.363149496389582,0.600829423110226,0.596744476225168,-0.124888658986071,-0.24437446944507,0.172913033186823,0.319921418385241,0.488405504349145,0.20600140997346,0.379677780119914,-0.180174592409268,0.013581889676349,-0.149452058742656,0.369791824723802,0.156971275839801,0.126949652387582,-0.224350650993416,0.699408814302536,0.095087081640811,0.239088322974303,0.367817369317752
"New Hampshire",0.413814839432816,0.795410999855686,0.385260948794316,0.31549130587995,-0.107061687562225,0.714443732976371,0.885616702446416,0.802284284642819,-0.420191124515665,0.437861494045194,-0.124048320897468,0.416163680208643,0.849789353813298,0.758735997421709,0.893861397913077,0.917644369752274,0.899551339959356,0.884806954324068,0.108680175321815,0.954322640014351,0.954322640014351,0.127136435592439,0.843092706554372,0.88733886683352,0.880310308151377,0.131990844738461,0.880304085379192,0.907568152719717,0.863394752755779,0.863394752755779,0.239910404157698,0,0.184893636722158,-0.0637643898040172,0.557358329461153,0.75326899341134,0.764537809203045,0.860143625686878,0.890707512968484,0.94014159857548,0.867115478223237,0.763918522353151,0.542160770332049,0.903887842472387,0.688133995608631,-0.469288215463795,0.38035049057027,0.983889943999318,0.756695742308881,0.80230905666211,0.854761931833248,0.963411590053552,0.86972098478708
"New Jersey",-0.241988036920161,-0.0443452064910422,0.348292913315584,-0.171844210351354,0.390850624718803,0.404455298392823,0.604314250336363,0.22583532699325,0.185617056536632,0.364182024291721,-0.160740650879431,0.584871243155127,0.0745625389279309,0.544445902917634,0.0871663389563626,0.0728830169995249,0.179777909150882,0.0426732467400032,-0.312861142130236,0.0753225923133997,0.0753225923133997,0.229280269004464,0.538938048286785,0.209880622149524,0.30928870296444,-0.523290026334474,0.161905716891065,0.118651477226305,0.21384550831849,0.21384550831849,0.363149496389582,0.184893636722158,0,-0.038920449368986,0.689658950600063,-0.114476430494751,0.0717050958761527,0.256173430437008,0.116473190457669,0.351154057033258,0.405078956526036,0.672986137781972,-0.234660771065522,0.0459946162498612,0.0297615596975995,0.0753406780499252,0.246215629061628,0.0269246235589962,0.253698294174202,0.30836681152092,0.0669008939118696,0.190677667566029,-0.0611802061146384
"New Mexico",-0.574011096825271,-0.0221221420747765,0.735893441145939,-0.412929781749778,0.761768936587607,0.228538939096494,-0.0530344241248743,-0.542101647702418,-0.605340956995123,0.448516188267659,-0.887218467717966,0.278256747336636,0.0619294782225827,-0.189490073332566,-0.175123554423313,-0.151825218437136,-0.106219945459422,-0.222380807077766,-0.705938418741649,-0.0291966358384115,-0.0291966358384115,-0.721841482495158,-0.129837552132038,-0.345820240178242,-0.3267594266346,-0.582791811787042,-0.368314313453492,-0.17316478259494,-0.126301284798593,-0.126301284798593,0.600829423110226,-0.0637643898040172,-0.038920449368986,0,-0.169763895073331,-0.513865049507683,-0.313511830245765,-0.375922502481971,-0.0515429069744744,0.0829913330788944,-0.289245832622713,-0.0430567679722564,-0.589889360155222,-0.177761279487996,-0.47240345997454,0.76855498022303,-0.118621090000947,-0.0641227850606493,-0.683988626336825,0.124804399732096,-0.123655476025586,-0.14517506985087,0.101621502361067
"New York",0.0379232759890623,0.557128499037676,0.527900677902553,0.0366710090136463,0.291006817813239,0.669982658176628,0.69413168449746,0.447755938199005,0.0491788687034953,0.420901653242304,-0.236639607546443,0.505573972915178,0.619001195191293,0.895500140585498,0.677518931221005,0.512636662955428,0.558915036662181,0.540846652803465,0.0181090205352048,0.454138189413954,0.454138189413954,0.307519671469758,0.805024275173522,0.681148249909108,0.627781346626301,-0.181486216317138,0.599118575081308,0.355019446237447,0.625186365111146,0.625186365111146,0.596744476225168,0.557358329461153,0.689658950600063,-0.169763895073331,0,0.359425131124552,0.332723806622348,0.699520141939459,0.621768321829614,0.741729414852222,0.708220687279097,0.799950821804231,0.213631615207847,0.448022601941522,0.389015131874461,-0.215755585818681,0.584780918523043,0.410443751812261,0.547186008500191,0.829062050899618,0.408697787199609,0.631684798374262,0.483600053106012
"North Carolina",0.88491163859237,0.519435462771795,-0.145182698449338,0.683365424673833,-0.636230410445484,0.171292680656469,0.548228297901669,0.868900217256458,-0.260278237098423,0.229421065071802,0.346826196845247,-0.0457189606311683,0.59742764903617,0.587597654271684,0.832493320143255,0.816933199718593,0.689202756845008,0.899755339534895,0.721875077868313,0.832963234781062,0.832963234781062,0.360799583552082,0.458317963589296,0.908713856597212,0.759113169950875,0.705553961668894,0.916868616960334,0.719189461960663,0.678967862037879,0.678967862037879,-0.124888658986071,0.75326899341134,-0.114476430494751,-0.513865049507683,0.359425131124552,0,0.588179281813959,0.89934259504128,0.787879089473179,0.579878712019733,0.829053207148061,0.508435844343006,0.938511051950995,0.80585789105685,0.935051031693427,-0.89893966781873,0.168006754574376,0.77034052126458,0.840933498126671,0.503224594965309,0.86819987508029,0.825054159228775,0.751797409063608
"North Dakota",0.271247739068165,0.707387787267665,0.0256157173716909,0.477477407471381,-0.344068083927982,0.666212351239087,0.650925995245606,0.610739556613103,-0.184647326056353,-0.208976598836702,0.115521983219164,-0.0313380322714085,0.754745685372732,0.63417764961614,0.671981425460607,0.83132640321981,0.893748606240452,0.712080970744252,0.00250086119459663,0.643759342340708,0.643759342340708,-0.0150525374202162,0.694382198915801,0.658636974331353,0.88850357998392,0.0028589457210687,0.744915265570198,0.923423581945715,0.860602207616677,0.860602207616677,-0.24437446944507,0.764537809203045,0.0717050958761527,-0.313511830245765,0.332723806622348,0.588179281813959,0,0.650774504217582,0.686704649476085,0.690854254935165,0.624329779263002,0.579625388409327,0.319076244326208,0.873956010250917,0.607802786553645,-0.375169110110792,0.673928008474303,0.79195742050084,0.789825383860804,0.458284243962256,0.630177557694473,0.76108621450577,0.604286957498016
"Ohio",0.660246797981133,0.633048284270179,0.182995948216218,0.584846956992407,-0.324446411781166,0.481862021622422,0.78649376028859,0.844838411648917,-0.29588628044462,0.388890386875809,0.0724587387214178,0.181222226767925,0.773021839591593,0.876156243021541,0.940223057130954,0.903533448328376,0.840610579163785,0.954697837005818,0.464050199139002,0.880790054127701,0.880790054127701,0.283048586368158,0.720089325908474,0.99667752898115,0.90549738802804,0.367670752233344,0.984563202006765,0.779869100552432,0.855669396782403,0.855669396782403,0.172913033186823,0.860143625686878,0.256173430437008,-0.375922502481971,0.699520141939459,0.89934259504128,0.650774504217582,0,0.919026057275142,0.814595084198063,0.975045142180933,0.814142293525191,0.744192944080323,0.872731857857253,0.904336767292794,-0.721682404508224,0.423940673392334,0.809708808546616,0.870150684422243,0.753577220129218,0.900069275995427,0.946436332830631,0.830375231618383
"Oklahoma",0.485501072368976,0.749054306101618,0.427757244061868,0.564008816696096,-0.130944542151284,0.631438225037396,0.745269122798507,0.642692169652924,-0.573599590892361,0.415881435261793,-0.253501298871183,0.126327170527977,0.930628616654734,0.860949900408178,0.972461258367151,0.967756945495612,0.927742930618558,0.97527793710148,0.22800121756805,0.917089477627527,0.917089477627527,-0.076228379471755,0.688519685854419,0.929597171454465,0.884783091710624,0.185305495754793,0.935510874520112,0.819672437462854,0.938820716153463,0.938820716153463,0.319921418385241,0.890707512968484,0.116473190457669,-0.0515429069744744,0.621768321829614,0.787879089473179,0.686704649476085,0.919026057275142,0,0.894017615382228,0.890933485901978,0.801082887924178,0.565213309961204,0.9362441016288,0.817423086806012,-0.46623702446765,0.542645087559767,0.861083376177145,0.686412572575326,0.835425929119862,0.921529659247541,0.971660001037724,0.96998180340963
"Oregon",0.172679989312408,0.840818148087389,0.625618673183333,0.183259215300182,0.174064081741739,0.868733729384423,0.888076561384892,0.625831331269257,-0.411219426000836,0.489709929215985,-0.366134638165453,0.499685902139666,0.915767972366156,0.868021665530541,0.891333276913603,0.865640713025967,0.892463357871937,0.82096930006455,-0.08843081543479,0.85843031045289,0.85843031045289,0.0186128977908006,0.910457012504821,0.834908900430455,0.847149255940292,-0.117380730154139,0.806385681712748,0.799851444523301,0.887085809302011,0.887085809302011,0.488405504349145,0.94014159857548,0.351154057033258,0.0829913330788944,0.741729414852222,0.579878712019733,0.690854254935165,0.814595084198063,0.894017615382228,0,0.828921454883322,0.845411490029501,0.33343234225695,0.831957042535888,0.555593945355258,-0.246432879877004,0.556835626902462,0.880860995639474,0.638120311870926,0.930642366005477,0.751022405391668,0.927728757164701,0.856016857786366
"Pennsylvania",0.604937404507746,0.540774915837434,0.240969203071027,0.545944385352026,-0.247902617182643,0.500995967708547,0.877905006184454,0.849897842739504,-0.345772951725518,0.489325569469589,0.0130041326767657,0.284821382111759,0.722863987566474,0.884866179808437,0.879964873964065,0.879064921877043,0.831021913604487,0.914637005712791,0.355466828355784,0.889154411056425,0.889154411056425,0.244551811796906,0.743441509402523,0.965579063368534,0.904803783813342,0.250610274622299,0.955181113239404,0.79595192103194,0.837416543996664,0.837416543996664,0.20600140997346,0.867115478223237,0.405078956526036,-0.289245832622713,0.708220687279097,0.829053207148061,0.624329779263002,0.975045142180933,0.890933485901978,0.828921454883322,0,0.897566756347738,0.653792767965008,0.850612249936547,0.871028117701417,-0.658140904085328,0.366728515130282,0.801590386465184,0.838915134749161,0.728337861771865,0.908399835993742,0.934871371821404,0.790715569456921
